1.060536491416684750e-09,4.512404963703240679e-10,8.194593826254820538e-11,1.144969144406677350e-11,5.870000741267901082e-11,1.579783019355606356e-11,2.901578388391348866e-10,3.491602038927775928e-11,1.304607283518901173e-10,1.763442821716103239e-09,7.400151627969049553e-11,8.554761354189689193e-11,2.060088224009550641e-11,2.800030916601681067e-11,9.450047351921617012e-11,1.363294135095131632e-09,8.140470856972253556e-11,7.808103602097584670e-11,2.989388120914419375e-10
7.410511037291248258e-11,7.865729798103970905e-11,4.663732014489344484e-11,4.059615204280908711e-11,4.667244104547502881e-11,2.979343149509103351e-11,3.259945342992436730e-11,3.769563024279828038e-11,1.003137707994533041e-10,2.075399084574064640e-10,5.364115819429649091e-11,6.962311808915015747e-11,4.648138342636571756e-11,5.465266716101740920e-11,6.598410212143458977e-11,1.531901610315316845e-10,4.471440242238158317e-11,2.442073818882120754e-11,4.367603464136901806e-11
3.477690399317840109e-11,3.422747091102575360e-11,3.553328989364259505e-11,2.970949521263109908e-11,2.321616371346891448e-11,1.702001483399198746e-11,1.850620536239946112e-11,1.181635918882015106e-11,2.357884101557536897e-11,2.435222961643198780e-11,2.980277135203195162e-11,3.989653267177017169e-11,1.997814963574761489e-11,2.650190284955478016e-11,1.932879336967058033e-11,2.841542120324809632e-11,2.405590384202546627e-11,1.182633779815683017e-11,9.074346391200459857e-12
4.549053119937875254e-12,3.483782490024764596e-12,6.143796276787664939e-12,5.493258883578243542e-12,4.503645461794560649e-12,5.639638919190816555e-12,3.263165480983196827e-12,3.708570068105823060e-12,5.370544239970531891e-12,5.455866029612583241e-12,5.178950815821250445e-12,4.254002319337608603e-12,4.463778413985722687e-12,7.268781673153839310e-12,5.619172594723148768e-12,6.246427826974823059e-12,4.566670513219705558e-12,2.088201850053825896e-12,2.591186397274300871e-12
1.322725229844182348e-12,1.237756491234559675e-12,1.959635971741993675e-12,1.494680425560381030e-12,1.800219568004120711e-12,2.351433977426130108e-12,1.913447115027257743e-12,2.068138493903056130e-12,1.891336273670753236e-12,2.303107431503957170e-12,1.829371872268596082e-12,1.803730077941652846e-12,2.558832232042178704e-12,4.275512324323246255e-12,2.003243159879219656e-12,2.860510783554541082e-12,1.367546120236677362e-12,1.203627134222547194e-12,1.404657559814468881e-12
2.232847293572509957e-12,2.439294887090263064e-12,2.137424438029687338e-12,2.354115432916745163e-12,1.616725076682511723e-12,1.883687677979082792e-12,1.122493092388804796e-12,1.362927496344634852e-12,1.486686463832555834e-12,1.542538125324086311e-12,1.764807300458521487e-12,2.446150348545801774e-12,2.039842335143303927e-12,3.026736579165457531e-12,1.333103838244609810e-12,1.696496825006447077e-12,2.305554723759723761e-12,1.432204184243861165e-12,9.458294392589021306e-13
2.780303383709237355e-12,2.871390862204075771e-12,2.755327999966616104e-12,2.708080714865939223e-12,2.396468083545863710e-12,1.574540317601274589e-12,1.866671894763538835e-12,1.472019601725164931e-12,2.380051322404703560e-12,2.477574791090451211e-12,2.814275428339960418e-12,2.896939177099788192e-12,3.143951614798171355e-12,2.628924107005620016e-12,2.400283734179867550e-12,2.295521276870189758e-12,2.163276561157531589e-12,1.861050451672089354e-12,1.491233242805707246e-12
7.497490695504831147e-13,7.953729961947189558e-13,6.776549039343734582e-13,7.904864636272334881e-13,6.746108907113667632e-13,6.786191781346718340e-13,5.826433358797769765e-13,4.934029430617150291e-13,5.027733524200462325e-13,4.492502521302820161e-13,6.705867227608695406e-13,8.318756964294175601e-13,7.617464282634433152e-13,7.766756469077285539e-13,5.803412390021421568e-13,5.468524804540556094e-13,6.847095220224428684e-13,5.673446794347752286e-13,4.468899999179436501e-13
7.316706312007922575e-13,6.701141780884521352e-13,6.961634505889723938e-13,5.606405503101440971e-13,6.118145073108479996e-13,5.949171849667980932e-13,6.114570250015232976e-13,6.313443550193092385e-13,5.278779613727359959e-13,5.156357817286364698e-13,6.753458258251274621e-13,5.555577061089079445e-13,6.963138542902557422e-13,6.018077832436706406e-13,6.016474620402058358e-13,5.772514209310309179e-13,6.090995696455626130e-13,5.818901962985210189e-13,5.472252515463911999e-13
6.714523124588006637e-13,6.861005339113758490e-13,6.596792229385854665e-13,5.759244290507524962e-13,6.008575940937752839e-13,5.139213613143342079e-13,5.626526847426419634e-13,4.919375617692810753e-13,5.412448306582604010e-13,5.317815873101158936e-13,7.251973278030961338e-13,6.092509140640624006e-13,6.624126810135676426e-13,5.875126067725428548e-13,6.004700130516476514e-13,4.933197232113656167e-13,5.947287669990547628e-13,5.604950661569145587e-13,5.253523333104640028e-13
6.262940083330902295e-13,5.786493469705659066e-13,5.619478874566407068e-13,5.415659547002108549e-13,4.765729822801986868e-13,4.622508472506198268e-13,4.203267929095110432e-13,4.289533136881324128e-13,4.308889404473161004e-13,3.797566117136340690e-13,5.975401333235946475e-13,5.137385090447031442e-13,5.079174658507763549e-13,4.381572777413709257e-13,4.554317847251827817e-13,3.618999732993473452e-13,5.673626042141412061e-13,4.306417438754893348e-13,4.184320880867848404e-13
6.069007639030303980e-13,5.115660134008902918e-13,5.090869241488180702e-13,4.566740128279023978e-13,4.878616661955347569e-13,3.976651634403081589e-13,4.250291561342817793e-13,3.652776876968587495e-13,3.909063378377076968e-13,3.498319112527202119e-13,5.404532934247188652e-13,4.741465089203508175e-13,4.906335196149166004e-13,4.226862802317593091e-13,4.617703337697857636e-13,3.853215036854919864e-13,4.689041889056289088e-13,3.986824624720666816e-13,3.712846416481041893e-13
3.245450435085581082e-13,3.114088530564672756e-13,3.229721125931966017e-13,2.741648848433546787e-13,2.984952154034022874e-13,2.410599528729850254e-13,3.104013388180370650e-13,2.556124168563446135e-13,2.616563588110884859e-13,2.478198664712367368e-13,3.395929515525222423e-13,2.700896391359954386e-13,3.130177040022270591e-13,2.543099404352883377e-13,2.942336012346097839e-13,2.403240223415526646e-13,2.904988208184146483e-13,2.934875230180528154e-13,2.632078567402780580e-13
9.353833257677988741e-14,9.646907619143935756e-14,9.700757021031056058e-14,8.605247634658524898e-14,7.981339762078857694e-14,7.926120478024020079e-14,8.575630064152384169e-14,8.429191321883223902e-14,8.609344276951907180e-14,8.188613918017378563e-14,9.640926688379470709e-14,8.378245114653673601e-14,9.680136457491273581e-14,7.056512132069468716e-14,9.303189573095907194e-14,7.394695315788586787e-14,9.576037895937803210e-14,7.915451564942226531e-14,8.402213678767650172e-14
